-1.144993 -0.146306
0.121403 0.574664
1.813593 -0.958220
-0.757286 -0.333689
-0.698325 -0.227851
0.085879 -0.769005
-1.758171 -1.081515
-1.833613 1.613880
-0.816370 -1.027680
-1.177831 -1.808954
0.319895 -0.003845
-1.520371 1.574450
0.002136 0.076113
0.419385 -1.687124
1.755974 0.275582
1.041108 -1.902707
1.797235 -1.912107
-1.369732 -0.537675
-0.952971 1.390118
0.623127 -0.009949
-0.351878 -1.104831
1.372295 -0.987030
-0.020447 -0.894009
-1.587634 0.817469
0.173162 1.767937
-0.773766 -1.653676
0.128605 1.822260
-1.490341 1.402448
-1.970458 1.859127
1.937742 1.351665
-0.641194 1.070650
0.429884 0.325755
0.414014 0.704428
-1.084201 0.925993
-1.676626 -1.984008
-0.398511 0.425855
-0.438307 0.722617
-0.265938 1.474471
-1.034883 1.955931
-0.132267 -0.700888
1.247414 -0.284982
-1.370342 1.409528
1.015351 0.820399
1.985473 -0.200384
1.284524 1.365825
-0.995575 -0.348216
-1.505234 -0.327342
0.125675 0.539262
-1.974242 1.742058
1.923582 -1.870357
0.213080 -0.791345
-1.626698 -1.612171
0.863002 -0.206488
-1.383160 0.279366
-1.731071 -1.742912
-0.772179 -1.027070
-1.273171 -0.147160
-1.022065 1.544664
0.550493 0.279733
0.102237 -0.820032
0.587237 -1.864498
0.064638 -0.122501
-0.765831 -0.129460
1.823847 1.652089
-0.046937 1.239967
-1.401471 -1.762688
-0.713828 1.257057
1.133885 1.290139
-0.627766 0.646931
-0.534135 -0.908170
-1.038545 0.799036
-0.812098 -0.246895
-1.068209 -0.779504
0.216254 -1.084079
-1.695914 1.489364
-1.944823 -0.042421
0.758019 1.707389
-0.436354 -1.307230
-0.352733 -0.546464
1.219581 0.577960
1.515976 1.237037
1.886471 -1.586779
0.113101 -1.549791
-1.921628 -1.453475
0.909635 1.821894
1.726432 -0.424024
0.112857 0.370434
0.443312 -0.446608
-1.817377 0.857021
0.289865 -0.312571
-0.153142 -0.261666
-0.960051 0.546464
1.947020 -1.238136
-0.195502 -1.789422
0.008362 0.231269
0.034730 1.772576
-1.267922 1.821528
1.264260 -0.922819
1.295633 -0.142521
-1.156346 1.395978
-1.206641 1.760491
1.689322 -1.711783
-1.200537 1.801386
-0.855922 0.023255
0.748863 0.315622
0.251778 1.360820
0.985076 1.413312
1.776116 1.931028
1.885494 1.525986
-1.170263 0.885464
-1.918821 1.625843
-0.690390 1.427229
1.300638 -0.221381
-1.649647 1.292703
-1.736808 -1.784417
-1.926511 -0.241768
-0.378735 1.871456
1.102878 1.092624
-1.275735 -1.912839
-1.419660 -1.489609
0.885708 0.814539
0.681967 -1.374493
-0.852748 -0.682699
1.632313 -1.596667
0.546098 -0.623859
-0.778649 -1.385113
-1.121067 0.990570
0.819910 1.789178
1.968993 0.582354
-0.105533 -1.333354
1.430280 1.699209
-0.976531 -0.847377
0.934538 -1.783074
-0.587115 -0.230171
-1.024140 -1.956420
0.911954 -0.388134
-1.862789 -0.678304
0.528153 0.796106
0.855067 -0.868252
1.443465 1.417218
-0.314280 -1.304300
0.529984 0.999969
-1.929319 1.079684
-1.634876 -1.547838
1.602527 1.396710
-0.252144 -1.481429
-0.210028 1.510727
0.713584 -1.267067
-1.675771 1.239235
-1.949950 0.872280
1.844111 -1.943602
1.313700 -1.091281
-0.798425 -0.703574
-0.656087 -0.536088
-0.771813 -1.143773
1.280007 -1.238746
0.999481 -1.601062
0.075747 0.079409
-1.398419 1.057222
-1.484115 -0.294748
0.396680 1.635487
1.731193 1.387311
-1.212256 1.314188
0.214057 -0.711753
-1.514145 -1.148045
-0.665487 1.438826
-0.725913 -1.710318
-0.644124 1.690420
1.274392 1.152928
1.949706 0.168279
0.712119 -0.845302
-0.787927 0.224921
0.182806 -0.600177
1.179174 1.892819
1.417218 -1.912839
1.842402 -0.162420
0.546587 -1.287088
-0.335521 1.812006
1.869137 -1.226417
0.595294 -0.392651
-1.885250 0.969451
-0.413282 0.508621
1.211524 0.907681
0.608966 -0.754357
-0.449538 -0.695151
-0.834315 -1.551988
1.752068 -1.308817
-0.689901 1.596911
-1.068941 0.612506
1.160253 -1.521348
1.462630 -0.666097
-1.085299 -0.861782
-1.752312 0.043153
1.368389 0.331614
-1.520981 1.553209
-1.072359 0.479568
-0.093936 -0.494339
1.127048 -0.879482
-0.398633 -1.925901
0.643269 0.863857
-0.774499 -1.833369
-0.187689 -0.157659
0.793420 -1.870235
-0.355663 0.666463
0.939421 -1.049287
-0.660482 -0.123478
-0.316721 1.961303
-1.696646 -0.103946
-0.304514 -0.959929
0.662801 -0.514725
0.063051 -0.683187
-1.718619 0.693808
0.555254 0.374706
0.275460 0.313913
0.389111 -0.046693
1.029023 1.833735
-0.505325 0.152410
-1.290262 -0.109806
-1.718619 0.134709
0.285226 1.222632
-0.096744 1.328959
1.037324 -1.874874
-0.975677 1.133274
-1.421369 -1.599719
1.084933 -0.882168
1.368389 -0.187933
0.066469 -0.271187
-0.273141 1.039155
-1.242409 -0.509476
-0.647420 1.127659
-0.480056 -1.290872
1.336528 -0.555498
1.553331 1.675894
0.678549 0.130802
0.661458 1.369854
-0.697104 1.054537
-0.482131 0.660970
1.573839 -0.736290
0.431349 -1.986084
0.310984 0.940031
0.611530 1.690664
1.305277 -0.148869
1.934446 0.453078
-1.665639 0.304758
-0.791711 -1.232765
-1.321512 0.600787
-1.060762 0.505814
-0.863979 0.985321
0.596637 1.151341
0.538652 0.103091
0.378735 0.499222
0.767785 -0.049013
1.478622 -0.138981
-1.730583 -0.668783
-1.150609 -0.232368
-1.929563 -0.195868
-1.529527 -1.827754
0.293771 0.141423
-0.887661 1.153661
-0.825770 -0.720542
0.602863 -1.881100
0.573931 -0.227485
-1.407575 1.507431
1.998047 -0.254952
1.820185 -1.007294
-0.889370 1.346171
-0.121403 -1.813105
-1.249977 -0.298654
1.480697 -0.157048
-1.555650 0.366894
-0.775964 -0.441847
0.427564 1.281838
0.857265 1.977050
0.154363 -0.778039
-0.954436 -0.505325
1.316752 0.752647
-0.363598 -0.540239
1.358745 1.681753
0.424757 -0.122135
-0.507279 -0.987030
0.419019 1.614368
-0.785119 -0.601032
-0.393506 1.097262
1.320292 0.094546
1.219581 -0.478958
-0.580889 -1.590442
0.500320 0.549638
1.952513 1.662221
-0.032899 0.518876
0.707236 1.632069
-0.820521 -0.859951
1.832148 1.513291
-0.995575 -1.296365
-0.646565 -0.632405
0.381420 -0.218574
-0.809534 0.078066
1.588610 1.429914
1.671499 -0.199164
-1.992431 1.894040
-1.451521 -1.080294
0.390454 -0.190619
0.513993 -0.501541
-0.376293 -0.093814
-0.784387 -0.765831
1.995361 -0.788293
-0.227363 1.910398
-1.040742 1.754143
-0.209296 0.350169
-0.597980 1.764763
-1.121677 -0.130680
0.407910 -0.618122
-1.338359 -1.770745
0.524125 0.853725
1.300882 -1.909421
-0.472610 -0.758751
-1.494858 -0.034242
0.688681 -0.378246
-0.951018 -0.327464
-0.460524 0.791711
-1.212744 -1.713126
-0.862880 1.469954
1.170995 0.596271
-0.169866 -0.999237
0.263009 -1.947386
-0.475295 0.557085
-1.746330 0.225654
0.449294 -1.156468
1.476424 -1.244240
-1.578967 0.299753
-1.076754 -0.192572
-1.389142 1.803217
-0.739463 1.021943
1.809687 -0.127506
-1.655263 0.971038
1.193091 0.370434
1.237770 1.109470
1.588000 0.707358
-1.277444 0.228828
1.237770 0.544023
-1.680898 1.409772
0.067690 0.994720
1.799921 -0.524125
-1.548936 0.330393
1.205176 0.946745
-1.525376 -1.817988
1.359111 0.490310
-0.296335 0.243843
0.885098 1.877193
1.448469 -0.524613
-0.278512 -0.567217
-0.470534 1.806391
1.137425 -0.009094
1.543077 0.338206
0.247749 1.346904
0.627033 -1.952025
-0.970550 -0.789636
-0.273751 -1.008393
-0.162786 -1.341044
-1.641346 0.006409
1.418195 -1.909177
1.880245 -1.085177
1.428571 1.678457
1.250954 -0.772790
1.448958 0.320627
-0.699423 -0.655110
-1.500595 1.097018
-0.505692 -1.736442
-0.943693 1.220313
1.197851 1.776482
-0.433302 -1.510361
1.443587 1.176855
1.464461 -1.756218
-0.804163 0.461989
0.685995 0.814051
-1.882931 0.035829
-0.314280 1.477645
-0.167058 0.912076
1.952147 -1.089328
-0.302072 1.417463
1.022431 0.141179
1.061495 -1.605335
-0.000916 -1.997436
0.032777 0.906095
1.565172 1.086642
0.747520 0.436110
0.499832 0.196234
1.132542 1.594470
-1.305887 -0.701132
1.171728 1.319803
-1.333598 -1.019868
1.671987 0.582598
-0.421705 0.395947
1.528428 0.587725
-0.250069 1.726310
1.675894 -0.871914
-1.573962 1.539171
-0.459426 0.188910
-1.909909 -1.102023
1.233985 1.879147
-1.612659 1.731315
0.867519 1.005585
-0.860805 0.964934
1.789056 1.164891
-1.650990 -0.520829
-1.901120 0.196356
-1.031709 -0.189276
-1.333964 -1.865352
-1.838374 0.355907
1.642445 1.664174
-0.927213 0.074526
-0.520341 1.070406
1.090060 -0.308054
-1.555773 -0.305246
0.611896 -0.596637
0.633259 -0.113468
-1.687124 1.076022
0.489944 1.456770
0.909024 -1.047578
-0.180731 0.630818
1.423322 -1.145848
1.303934 1.501694
1.951659 1.884396
0.519364 -0.016785
-1.071871 0.630818
0.449904 0.263497
-1.108860 -0.130558
0.504105 -0.242866
0.748497 1.767693
0.030457 -1.440779
0.543169 -0.413648
0.333201 1.398297
-1.280740 -0.115543
1.187475 0.088931
1.887326 1.221045
-0.144719 0.485549
-0.910245 1.358989
0.601520 1.935179
0.567217 0.967498
-1.291604 1.230445
-0.976897 -0.173650
-1.007538 1.063204
1.390606 1.527696
0.819422 -1.022797
-0.903287 -1.320170
1.619617 0.821497
0.829310 -1.389142
-1.095920 -1.296731
-0.198187 1.570666
-1.219703 1.441145
-0.480789 -0.565386
-1.032563 1.518418
-1.956298 -1.092746
-1.687979 -1.464217
-1.239845 1.224342
0.803797 -0.834681
-0.357982 -1.643422
-1.909299 1.602527
1.016449 1.712882
-0.169866 -0.657063
-1.468368 0.520585
-1.584460 1.640980
0.916349 -1.909543
-0.244209 -0.451491
-0.910977 0.052309
1.250221 -0.742515
0.226020 -1.481796
-1.019501 1.413556
-1.244117 -1.657094
-1.523911 0.818812
0.375561 1.077242
-0.019959 -1.364361
0.565020 1.420515
-1.786248 -0.910733
1.604114 0.174261
0.644124 -1.329203
0.087344 1.695547
0.247505 -0.159124
0.940153 -0.150823
-1.223487 1.232276
1.933836 0.461745
0.525468 0.353587
0.701254 0.274239
0.595416 0.791589
0.253487 -1.604602
-0.339671 -0.084903
0.994110 0.254952
1.232521 1.077731
-0.764733 -1.944090
-0.571734 -1.679189
0.214057 -0.270699
1.233863 1.577624
1.606922 -1.614734
-0.729820 -1.625599
-0.454054 -1.731803
-0.940519 0.035951
1.134861 1.208350
0.790490 0.386914
-0.536454 1.575549
-0.416211 -1.044527
0.257881 0.677084
0.229682 -0.012390
-1.405377 0.096499
0.922208 -0.951750
1.105197 -1.928221
-1.603870 -1.026093
-0.705405 -1.022797
-1.571032 0.405957
0.799890 -0.626423
0.512528 -1.168920
-0.509598 -0.978484
1.583239 -0.789148
-1.359233 -0.180486
1.690664 1.392926
0.214301 -0.731040
1.652822 1.564318
1.262063 0.106388
-1.554186 1.936399
1.689566 -0.993744
-1.779290 -0.302560
-1.478133 -0.216010
-0.181707 0.466018
-1.330790 -0.900723
0.784631 0.243843
-1.807123 0.659261
1.887326 -0.130802
0.070620 1.921628
-1.869625 -0.030335
-1.537950 1.297464
0.270943 0.415967
1.474838 1.854854
-1.166600 0.274117
0.429762 -0.478591
-1.373394 -1.740715
1.626942 -0.211982
-0.241768 1.688833
0.610797 -1.088229
1.150975 -0.065004
-1.063692 1.618641
-1.442000 -1.621448
-0.565874 -0.692953
1.079195 0.861660
-0.023499 0.751183
-1.824458 0.640950
1.742668 -0.696493
1.186010 -0.159368
-0.015320 0.598590
-0.657796 1.406110
1.293191 -1.244606
-1.715079 1.556139
-0.637532 1.081393
1.078829 -1.262917
1.256813 1.274758
-0.271432 -0.924894
0.175481 1.127903
1.194800 -1.670034
-1.281350 0.730918
-0.091250 0.347606
-1.346904 1.174291
0.789026 0.013489
1.177831 -0.248116
0.756310 -1.294046
1.689322 1.664541
0.749474 0.249214
-0.952483 0.222724
0.240913 -0.634114
-0.658406 1.550279
-1.747307 -1.368755
-1.844966 1.786859
0.871670 1.925657
1.332011 0.791345
-0.735069 0.387158
0.241890 0.345042
-1.803705 -1.134007
1.546129 -1.145115
-0.958953 -1.123386
-0.536943 -1.443709
1.302103 -1.948851
-1.466048 1.216529
-1.374859 -1.907468
-1.111667 0.337229
1.315042 1.227760
0.009705 1.858882
1.350444 -0.839442
-0.998871 1.362285
-0.099674 -1.474838
-0.648885 1.772942
1.338969 -1.160985
-1.801019 -0.436476
1.762078 -1.044038
0.100528 -0.542680
0.002014 0.019349
-0.856288 0.915128
0.464064 1.418684
-1.460067 -1.774773
0.010803 1.513169
0.327464 -1.319315
1.812006 0.670980
-1.557848 0.113956
1.490219 -1.085055
-1.865108 0.913297
1.178442 -0.763390
1.987182 1.974975
0.785608 1.800287
-1.573717 1.156713
-0.238105 -1.354595
0.742149 0.230659
1.364971 0.890347
0.601398 0.337107
-0.575274 -1.565050
0.064028 1.936522
-0.389843 0.164251
-1.901364 1.263772
-0.806360 -1.349101
-0.401685 -0.719443
1.317484 -0.640950
-1.104221 -0.871303
-0.241035 -1.653432
1.779656 0.083682
-1.803461 0.469436
-1.990600 0.006897
-0.024720 -1.916868
0.331858 -1.700308
0.372021 -1.752190
1.995605 -0.644124
1.361553 -1.570421
0.767663 0.515091
0.881802 -1.295145
1.448958 0.516068
0.600177 -1.537339
0.889126 0.449294
0.178289 1.608631
-0.496780 1.210791
-1.961913 -1.733024
-0.713096 1.454451
-1.372417 -1.014985
0.331858 0.045961
-1.813837 1.435041
-0.158635 -0.984588
1.010468 1.618030
1.646474 -0.989349
-1.780511 1.566759
0.221259 -0.749718
1.021088 1.549058
-0.801599 1.976684
0.476882 0.770470
0.384838 1.409406
1.768059 -1.422346
-0.722373 1.198218
0.961272 0.161809
-0.920621 0.376293
0.273995 -1.238868
-0.786462 -0.187201
1.840083 -1.635487
-1.659047 1.167089
-0.024598 0.914518
-0.125553 -1.659413
-0.055849 -1.989868
-0.004944 1.431013
-0.776818 -0.889370
-1.832514 1.184546
-0.731162 0.237983
-1.844111 1.949828
-0.217963 1.180395
-0.460768 -0.869717
-0.526322 -0.805017
-0.272897 1.138157
-0.669271 -0.788171
-1.524888 -0.153386
0.381787 0.536210
0.901089 1.543687
-0.037660 0.051698
-1.000336 -1.615345
-1.519395 -0.075747
-0.340648 0.346385
0.683553 -0.195990
-0.578326 1.529649
0.272652 -0.140324
1.915647 -1.669423
-0.391552 1.046113
-1.479354 0.530839
1.800653 -1.970824
1.993530 1.751335
-0.063173 -1.313700
1.257057 1.613880
-1.408185 -1.066012
1.666372 0.943693
-0.657308 -1.818110
-0.225654 1.472762
0.784509 -0.714560
0.597491 -1.957030
1.045991 0.998749
1.380718 -0.690756
-1.194800 -1.072115
1.864010 0.942595
0.805383 -1.015351
1.047578 -0.666952
-0.129948 -0.661458
0.457350 1.793451
-0.581011 0.871059
1.911008 1.261574
0.483840 -1.872555
-0.217109 -0.495804
-0.776208 -1.228492
-0.229316 -1.180151
-1.059175 -0.462722
0.160100 -1.758293
0.595904 -1.316996
-0.409131 -1.758904
-0.175970 0.943815
-0.677450 1.930418
-1.549547 -1.014985
-0.000427 0.766076
-1.494247 -0.644734
0.917691 0.752281
-1.258278 0.939787
1.788934 1.143528
1.647206 1.913083
-0.992767 1.647694
-1.036958 -0.807581
0.414869 -1.870357
-0.301340 0.391064
-1.433088 -1.185766
0.646687 0.270943
-1.502182 0.989105
-0.600543 1.696280
-0.013489 0.207953
1.864132 1.086154
-1.677847 -0.006287
0.278146 -1.631703
-0.430128 -1.958007
1.725700 -0.568438
-1.663930 0.923551
-0.847865 -0.920377
-1.965331 -0.712119
0.881069 0.483718
1.652211 -0.433790
-1.371807 -0.864345
1.013276 0.174749
-1.981323 -0.698447
0.546831 0.217353
-0.398267 -1.025605
-0.448683 0.689413
-1.633656 -0.672689
0.960662 -1.819819
1.757561 -1.333232
-1.390973 -0.923429
-1.809198 -1.114353
-1.001923 -1.734123
0.069277 0.416578
1.560778 -1.661000
1.297952 1.684439
1.428083 1.293680
1.299905 -0.939787
-1.305643 0.737144
-0.467849 -0.686117
-1.817011 -1.410138
0.501175 0.567217
-0.287790 -1.711295
1.277932 1.747429
-1.139866 -1.510605
1.514145 0.539750
-1.769280 -0.729820
-0.042299 -0.159001
1.220069 0.834803
1.468734 -1.287454
0.280465 -1.284768
-1.466048 -0.166326
-0.312326 -0.524125
-0.716025 1.453841
0.805506 0.915494
-1.992553 1.847041
1.852046 0.770959
0.168035 0.263863
0.164617 1.920286
1.918699 -1.614490
0.966155 -1.914426
0.118229 -1.723868
0.630329 0.036927
0.846644 0.836634
0.447218 -1.706168
-1.579333 0.757042
-1.110813 -1.669546
0.909635 1.970458
-1.623646 0.277047
-1.849361 1.605579
-1.457991 -0.876186
0.265084 -1.560167
-0.001160 1.424299
-1.327250 1.853389
-1.396344 -1.502304
1.609363 1.280862
-1.776116 0.132878
0.140202 0.165349
-1.997314 0.790612
0.677816 -1.588366
-1.875118 -1.692495
-0.004334 -0.661092
0.082339 1.098850
-1.254860 1.133885
1.439558 -0.138859
1.470565 0.804407
1.099338 -0.223579
-0.875088 -1.368267
-0.931120 1.214209
-1.914426 -0.875210
-1.275246 0.935392
-0.330149 0.472243
-0.421216 1.795038
-1.849605 0.496170
0.543657 -1.054537
1.271584 -0.894986
1.698721 -1.460311
1.263894 1.247169
0.555254 0.934294
0.360912 0.363109
-1.177709 0.392285
-1.186255 -1.660634
-0.327342 1.287088
1.407697 1.961669
-0.492508 -1.195410
-1.523179 -0.132878
-1.776849 0.147160
1.420759 -0.001160
-0.023988 -1.763787
0.719199 -0.442335
0.448195 1.915647
-1.551866 -0.544023
0.613605 -1.345561
-0.704306 -0.729087
0.077090 0.696982
-1.529771 -1.965453
1.750603 -0.500320
-0.542802 0.070009
-0.066591 1.968505
-0.239936 -1.140355
1.916867 1.869625
0.794275 1.047334
-1.817743 1.899899
0.360912 -1.379376
0.416700 -0.361034
-0.088321 -0.885098
-1.971923 -1.996460
-1.685049 0.315866
1.161474 0.199286
0.121281 1.462996
-1.786004 1.174779
-1.671499 -1.047945
-0.148625 -0.425733
-0.351512 -1.460677
1.522568 -1.808710
0.271676 0.043519
0.475906 0.921110
0.133366 -1.450301
-0.725181 -1.785882
-0.321116 -1.887814
-0.186590 1.029267
-0.870449 1.957640
-0.168401 -0.713340
0.248360 -0.811975
-0.068667 0.821253
-1.395001 -0.015687
1.092257 -1.164647
-1.657582 -0.691122
0.686483 -0.147649
1.441756 1.108982
-1.004730 0.169500
-0.512162 -0.979949
0.224311 -1.189184
-0.064272 1.568590
0.018616 -1.019135
-1.124851 1.875118
-0.520585 -1.982666
0.297067 -0.142277
1.678945 1.844600
1.858760 0.935026
-1.324198 -0.074038
-0.850185 -0.770959
1.031831 0.717978
0.457473 1.268898
1.826167 -0.377148
0.032289 -1.807001
-0.827845 -0.558306
1.853999 -1.546617
1.232399 -0.672323
1.896725 1.017792
1.734123 0.239082
0.895108 1.073336
1.985351 -1.107517
-0.390576 0.229316
-0.609699 -1.783929
0.591632 1.220801
-1.534898 -1.697745
0.450758 -0.888638
0.353099 -0.138371
0.618610 0.996307
-1.159276 0.174993
0.615314 -1.794427
-1.126682 1.547472
1.815058 -0.992401
1.570421 0.260933
1.711661 1.811640
-0.258614 0.027894
-1.316141 0.870937
-0.098697 1.943846
-0.737999 0.486404
-1.213721 -1.059542
-0.107730 1.709586
-0.796716 1.545274
-0.623615 -0.694662
0.771447 0.655110
1.300638 0.797571
-1.613758 -0.439161
0.919157 -1.974731
-0.183416 -0.653157
1.308817 1.399518
1.075655 -1.136082
-0.639119 -1.613758
-0.812952 0.431959
-0.202460 -0.539994
-0.549883 0.043153
-0.312937 0.556719
1.206152 -1.934812
-0.540605 -1.973266
-1.897214 -1.555406
0.422193 0.088198
0.861293 0.409375
0.775964 -1.220191
-1.459578 -1.327494
-1.870113 -1.585437
-1.696158 0.135075
-1.482284 0.532548
-0.087100 1.353374
-0.650349 0.920499
-1.755486 1.730583
-1.630848 0.313425
-0.087100 1.603992
-0.021790 -0.048036
0.805017 -1.047212
1.844478 -0.276315
-0.189398 1.249245
-1.166845 -1.576769
-1.162938 1.410871
0.273263 1.955077
1.326029 -1.745598
1.722281 0.036317
1.267678 1.448958
-0.767296 -0.599445
-1.282205 0.968108
-1.882687 1.500717
1.812616 1.044282
0.214423 0.711509
-0.715903 -1.378887
1.654164 -0.966277
-0.523270 -1.693106
1.123631 1.296487
-0.138005 -0.172552
-1.367290 -1.139256
-0.945524 1.979614
0.779748 1.822260
-0.672567 -0.916227
0.517045 -0.285348
-0.371288 1.937986
-0.583575 -1.286966
-0.904263 -0.730308
0.435133 -0.663533
-0.928190 -0.309641
-0.818934 -1.348735
-0.378857 -1.852657
1.679189 0.974700
-1.455184 -1.121921
0.635578 1.077120
0.896695 -1.137913
-1.794916 -0.114078
-1.001678 -0.224799
-0.744591 0.688192
-1.045015 0.441847
-0.866543 1.834346
1.671499 1.788568
1.930662 1.940428
-1.632801 0.297189
1.248512 1.592029
0.592731 1.957885
-0.535356 1.547105
0.744224 0.721885
1.498398 1.438948
-0.920377 1.455428
-0.924284 -1.020478
1.235084 -0.607868
1.495712 1.662832
-1.761101 0.086734
0.895596 -1.032929
1.028657 -0.132633
0.016907 -0.940886
1.466048 -1.210181
-1.529649 1.996582
-0.147404 -1.910520
1.502548 1.431257
-1.054415 -1.864498
-0.739708 -1.187353
0.473586 0.883389
0.557329 -1.909665
0.151555 0.827967
1.139256 0.917936
1.197363 0.456618
-1.550279 -1.644520
-1.653432 -1.796869
0.895596 -0.927091
0.368847 0.899747
-0.387402 -1.946776
-0.917325 0.730796
-1.268532 1.795648
0.871914 0.685873
0.142888 -1.981689
0.700766 0.513016
-1.236671 1.862300
-1.370464 -0.828822
0.301218 -1.406842
-1.169286 1.784661
1.521592 -1.193701
-0.896206 -0.905362
1.012543 -1.872066
-1.108249 -0.586383
0.450514 1.419782
1.795892 1.077853
0.366039 -0.519242
0.591876 1.400616
-1.591174 -1.748283
0.745689 -1.874752
-1.885495 0.517411
0.169134 0.109806
1.032685 -1.875607
0.175359 0.611530
-1.812494 -0.885342
0.917936 -1.441267
-0.725059 -1.654775
-0.870571 -0.855556
1.444563 -0.992767
-1.244117 0.421583
0.129948 -0.059145
-1.277688 -1.994263
-1.936155 0.588214
-0.801965 -1.721061
0.794153 -1.553209
-1.637074 0.092349
-1.301126 -0.977630
-0.326975 0.969451
-0.497146 -1.718131
1.625111 -0.190863
-0.707724 1.607288
-1.976440 0.089297
0.030824 -0.752525
0.745933 1.569079
1.575427 -1.727165
1.007172 0.492630
0.191595 -0.972381
1.126926 -1.707755
1.569079 0.082827
0.794275 -1.208716
0.337596 -0.310495
1.833613 1.907468
-1.917356 1.732658
-0.529862 1.855342
-0.139103 -1.817133
0.095767 1.850459
1.215308 0.051088
1.534165 1.311991
-0.193060 -0.434523
0.854701 0.499954
-1.600818 0.046815
0.800867 1.877560
0.024964 -0.995697
-0.822474 -0.326731
0.892788 -1.297098
0.696493 1.892575
-0.528520 1.126438
-0.850063 -0.201483
-0.243965 -1.818720
1.926756 -1.633656
1.032685 -1.600696
1.026948 -0.764489
-1.855464 -1.859127
-1.421491 0.163152
0.258126 1.298196
-1.147557 -1.022919
0.127750 -0.501785
-1.221778 -1.970702
1.861934 0.805994
0.959807 1.148900
-0.811121 -1.072359
1.191015 -0.905362
0.222236 -1.086398
-1.529038 -0.490799
-1.274026 -0.638386
-0.479324 1.371441
-0.118961 -0.880215
1.797479 1.949584
0.550371 0.490066
-0.988983 0.254586
0.044618 0.930998
1.139378 0.993622
1.387799 1.260964
0.944060 -0.977752
-0.916959 -1.638661
-1.013886 0.298532
1.378155 -1.620228
-0.858608 -0.664754
-0.969207 -1.567003
-1.383770 1.153905
0.575152 0.810266
0.463332 -0.263008
-1.913816 -0.323923
0.597125 0.982147
-0.553301 0.273629
1.309549 -1.846065
-0.888272 -1.372051
-0.714560 -0.161443
-0.625080 1.749138
0.118595 -1.604602
-1.866329 0.334544
-0.673177 -1.088595
-0.844447 1.973388
1.868160 0.653279
0.842860 0.848842
0.155828 -0.978607
-0.501053 -0.058657
-1.425275 0.002380
0.496414 -0.877529
-0.470901 -0.594317
1.794549 0.900479
-0.595172 0.553423
-1.138890 -1.199072
1.284280 -0.623493
-0.877895 -0.312204
-0.540727 1.389508
-1.947874 0.776452
-1.783441 0.622395
-1.308695 -0.912198
0.603473 1.324809
1.660268 1.400983
-0.307321 0.168890
1.675527 -1.293558
0.348583 0.951994
-1.434553 1.159520
-0.507279 1.800165
-1.213843 1.532823
0.869350 -1.128880
-0.563189 -0.830042
0.311228 -1.442488
-1.225074 0.438429
1.504868 -1.809809
1.232521 -0.317209
-1.743400 -0.759239
0.931608 0.677816
-0.741905 1.025239
-0.300241 -1.418439
-0.648396 -1.093112
-0.414502 -1.611682
1.296243 -1.000214
1.874752 1.882443
0.032899 1.371197
0.605060 -0.909757
1.450423 -0.254707
-1.417341 0.234443
-0.348949 1.706290
1.897458 0.186346
0.715903 1.401105
0.938200 -0.580523
0.970794 0.742882
1.909055 1.462508
-0.248116 -0.885830
0.844569 -1.147801
-1.328837 -0.430372
0.125431 -0.412793
-0.618000 -0.460524
-0.505692 -1.919797
-0.155095 -1.967284
1.093356 -0.660115
-0.130924 -0.716391
0.499100 1.236427
1.309793 0.470778
-0.462355 -0.314157
-0.760582 1.775750
-1.945555 -1.957518
0.944060 -0.519242
-0.969695 0.755577
1.665151 0.502151
-0.153508 -0.429151
1.115452 0.842006
-1.948973 0.235298
-1.505356 0.541948
-0.375805 1.699087
-1.995117 -0.863369
1.743644 -0.180853
0.866298 -0.393506
-1.949461 -0.437696
-0.167547 0.830653
-1.584582 -0.291330
0.206610 -1.459822
-0.796838 -1.946043
-0.643269 -1.228126
0.038636 1.113621
0.731651 -0.179754
-0.926969 -1.675161
-1.251076 0.751305
-0.053774 -1.943358
-1.934202 0.284127
0.226875 1.703848
-0.653645 1.346904
1.144749 -1.507920
1.501083 1.097995
-1.714347 -1.195044
-0.205268 -1.866451
1.910031 -0.497635
0.111881 1.691153
0.467727 1.374737
-0.277779 1.352275
-1.385601 -0.904263
-1.453841 1.245826
1.727042 -0.324534
0.920866 -1.248756
-1.080904 1.413556
-0.134465 -0.298166
0.556963 1.352275
-0.153020 -1.912717
-1.725456 -0.770348
-1.954466 0.257515
-0.510208 1.932981
0.120670 1.624866
0.419996 0.451125
-1.523911 -0.131901
1.597156 -0.671590
1.026215 0.635578
1.883908 -1.382427
-1.539048 -0.252632
-1.010834 0.332347
-1.987915 1.899655
0.483718 -0.598590
-0.281808 -0.133488
1.315775 -0.878994
-0.809290 -1.795404
-0.173772 -0.891934
0.879605 1.454817
0.265206 -0.246406
1.838618 -1.153905
1.806879 -0.824549
1.991211 1.499008
-1.934812 -1.327860
0.896085 0.127628
-0.889737 0.674764
1.013031 -0.756066
-0.017273 -0.798547
1.468001 -0.139836
-0.289621 -1.190405
-1.680776 -1.307840
-1.176611 -1.950804
-0.677084 -0.137394
-0.630085 1.416486
1.198340 -0.895962
-0.568071 -0.194037
1.393780 0.461989
-1.859249 -0.535356
0.352245 1.497910
-0.807459 -0.555254
-1.723014 -1.007416
0.863979 1.556627
-1.602649 -0.850551
0.527909 0.821863
0.733848 0.297067
1.669424 0.426954
-1.635853 0.092715
-0.599689 -0.824061
0.189032 -0.774499
0.476150 -0.556230
0.197211 1.619373
1.810663 -0.370922
1.231544 -0.863979
-0.507767 -0.892422
1.254738 0.778649
0.299264 -0.314524
-1.885495 -1.605579
-0.284860 -0.448195
0.809534 0.878017
-1.554918 -0.267525
-0.745079 0.874355
1.431013 -0.957366
0.548173 1.982421
-0.633259 1.540391
-0.265816 -1.542711
0.714927 0.479324
1.071505 -0.585406
-1.778558 -1.238014
1.797357 1.532701
1.931638 1.893429
-1.606067 -1.744499
-1.294412 -0.566851
-0.646321 1.497299
-1.765862 -1.050264
0.444777 -0.156438
1.554674 0.472610
-1.523301 1.256203
0.065493 -0.554155
-0.433424 0.275094
1.043184 -1.818720
1.903806 1.722159
-0.343211 1.811884
1.016449 0.904141
1.484725 -1.256081
1.536363 0.315622
-0.471023 1.611072
-0.534745 -1.157445
1.732048 0.727256
-1.060030 1.465072
0.991546 -1.960692
-0.501663 1.460433
-0.323313 1.581042
1.844478 -0.893521
0.643269 0.425367
0.114567 0.884976
0.749718 0.138127
0.643147 -0.816004
-1.127903 -1.269387
-0.772668 0.501785
-1.579333 -0.886319
0.894009 -1.850703
0.354808 -1.950316
-1.836177 1.453963
-0.181341 1.462020
-1.442732 1.109714
-1.834468 1.142430
-1.196875 -1.910642
0.234687 -1.229591
0.806726 0.449538
-0.102603 -0.993011
1.931028 0.524857
0.899747 -1.378399
1.849849 1.410749
-1.684683 -0.302438
-1.520737 0.998505
-1.814814 -0.996673
0.926115 -1.890133
-1.064913 -1.348003
-0.498123 -1.550279
-1.358257 0.303659
-1.760125 1.059542
0.798669 -0.130924
1.910031 1.270119
-1.419050 -1.287454
1.534532 -1.845210
1.612171 -0.644856
-1.596179 -1.516831
1.228736 1.677847
-1.407819 1.173681
-1.754021 -0.375561
1.973022 -1.753777
1.224464 -1.594836
1.734489 0.276803
-0.765587 0.199286
-1.604358 -1.651235
1.122288 -1.641713
0.321726 -1.492294
1.275857 0.109439
-1.260597 0.713340
-0.109928 1.758415
1.253517 -1.707022
1.732658 0.392529
-0.138981 1.895139
1.409650 -1.915647
1.468368 -0.058290
-0.868862 -1.405866
0.905972 -0.417798
-1.023041 0.573443
0.444044 0.146062
1.662221 -0.732139
-0.191229 -0.904263
-0.197577 0.720298
0.697348 -1.519395
-0.319773 0.474563
1.793573 -0.110782
1.509995 -1.222510
0.283883 -0.096866
-1.796136 0.283273
-0.127262 -1.950682
0.637776 -1.744621
1.298563 1.254128
1.416120 -0.729331
-0.651448 0.795496
1.138279 0.422193
-1.624744 1.756829
1.163549 -0.978362
-1.688345 0.979705
-1.122532 -1.196265
-0.812952 1.517319
1.457137 0.628498
0.142399 -0.413038
-1.863887 1.684195
0.946013 0.024354
-1.028413 -0.808802
-1.990600 0.235298
0.108585 -1.395123
-1.097018 -1.350322
-0.453810 -1.681875
-0.628864 -0.325022
-0.596759 -1.134739
-1.151585 -0.851894
-1.316141 0.624958
-1.525254 -1.710318
0.542802 -1.977172
1.611438 -1.843379
-1.948363 -1.764763
0.856411 -1.404523
-1.536119 0.392407
-0.439894 1.695547
1.980957 -0.719321
-0.158635 -0.258370
-0.982757 1.546983
1.102145 -0.332224
1.966796 -1.599597
1.044160 0.009827
-0.532426 -1.182958
-0.816248 0.359081
1.168432 -0.758385
-1.131932 -0.685263
0.993744 1.791497
-0.209540 0.937956
-1.090670 0.959197
1.188574 -1.183813
-1.553331 1.955931
-0.822962 0.715781
0.938810 1.857784
0.716269 1.847163
-0.877041 0.181829
-1.562365 -0.410962
1.026459 1.191504
-1.298440 -0.571368
1.562609 0.035951
0.062197 -1.655995
-1.574572 -0.476272
-0.455397 0.400220
-0.524491 -1.535997
-0.339061 -0.298654
-0.994598 -1.130345
1.926023 -0.155461
0.505570 1.660268
-1.128025 1.872555
1.929563 -1.135105
0.565630 0.727012
-0.539750 -1.673818
-0.377880 -1.798212
1.775140 0.902677
-1.277688 0.395947
-1.188452 -1.828364
0.627277 -0.333445
1.033418 -1.366314
0.694174 1.082492
1.195410 -1.586047
1.892331 1.376812
-1.390240 0.466994
0.318186 0.400342
1.911496 -1.721671
1.211524 1.075045
-1.676260 0.069033
1.470565 1.846431
1.424055 1.497910
-1.332255 1.637196
1.408917 -1.135594
-1.433943 1.300149
1.860836 -1.186865
1.133641 1.571520
-0.987274 0.535478
1.059542 1.523789
-0.485794 -1.526841
-1.230079 1.519272
0.696982 1.522080
1.943846 -1.337504
1.340312 0.734214
1.527452 -1.245582
-1.062838 1.522080
-1.748772 0.744468
1.459334 0.360546
-0.354930 1.684072
1.623280 1.991211
-0.446608 -1.819941
1.655629 1.124363
0.151555 0.347606
0.558916 0.643025
0.460891 -1.736808
-0.122623 -1.694571
-0.635701 0.917814
-0.037782 1.948973
1.122898 -0.329905
-1.262673 1.191748
-0.609943 0.199774
0.965056 -0.362255
-0.271798 -1.040010
-1.988403 -0.421461
0.624226 0.131535
-1.886715 -0.803308
1.004608 1.075045
-0.858852 -1.730705
-1.748528 -1.715812
-0.132756 0.370556
0.718589 1.839839
1.730338 -0.424879
-1.254250 -1.638539
1.101047 -0.338328
-1.824091 -1.537950
0.047792 1.815180
0.369823 0.700034
-0.397412 0.830531
0.721763 0.032411
-0.473586 1.815912
0.574542 1.395367
0.239692 -1.976196
1.262917 1.412214
-1.996338 -0.329539
1.133030 -0.868007
1.652944 0.792688
-1.481918 1.946287
1.984619 -1.360454
-1.191504 -1.425642
-0.576739 0.077700
1.217139 -1.231666
0.037050 1.544298
0.045351 1.514267
-1.947996 1.500595
0.448683 -0.263375
0.869228 1.384991
0.702231 1.500839
0.579302 -0.934172
-0.021546 -1.204932
-1.448470 -1.658559
1.084323 1.661000
1.686270 -0.917447
0.150944 0.540971
1.780145 0.601276
1.185278 -0.444166
0.190496 -1.784539
-0.038148 -1.978393
1.488510 0.103091
-1.460555 -1.096530
1.223975 0.004700
-1.724235 1.768914
0.191473 -1.572619
-0.656453 0.239937
1.196020 0.347484
-1.253883 -0.052553
0.318064 1.413190
-1.167211 0.983490
0.680013 -1.351543
1.781976 1.935667
0.913297 0.320627
-0.285226 -0.578936
1.127293 1.010956
-0.995575 1.780511
0.297433 -0.715659
-0.034486 -0.290353
-1.262185 1.089328
-0.147160 -0.414869
-1.102023 0.468093
-1.123142 1.416486
0.628010 1.760857
0.719199 1.299539
-1.055513 -1.692129
-0.452101 -1.630116
0.296701 -0.346751
1.533921 -1.744011
1.330912 -0.752159
0.866176 1.031831
-1.843013 -1.348003
-1.733024 1.670400
-1.885617 0.239570
-1.991455 -1.003510
-1.963378 0.400220
-0.572466 1.140599
1.017426 -0.757164
-1.058809 -0.508866
-0.323435 -1.201270
-1.436750 -0.852016
1.925413 1.724967
0.919034 1.875729
-0.767785 -1.493393
-1.238746 1.556383
1.388409 -0.838954
-1.014008 0.142888
1.773309 1.440413
1.147801 0.112247
1.120456 -0.465529
1.783074 1.274514
1.387921 -1.054659
0.499466 1.835810
-0.490677 0.460646
-0.340892 1.941038
-1.814447 1.068087
1.067721 -1.436384
1.499130 -1.839106
-1.786859 0.130314
1.784661 -1.124729
-0.968719 -1.775506
-0.355052 0.043153
-0.828944 -0.210028
-1.533189 0.645222
1.760613 -0.167058
1.436384 -1.235694
-0.327586 -1.374126
-0.945891 1.038545
0.289621 -0.589190
-0.848354 0.614094
0.771081 -1.398419
-0.593463 -0.401318
1.817011 0.487991
-1.641591 0.014832
-0.065127 0.438307
0.923917 -0.747764
-1.795160 0.602374
-1.586901 -1.978149
-0.454176 -1.885006
-0.955290 0.808435
-1.519883 1.799310
0.961638 0.823450
-0.599933 1.368999
-0.253365 1.459090
1.333110 1.132176
-1.561754 -1.759636
1.207495 -1.805414
0.046327 1.279153
-0.381665 1.162206
-1.432844 -1.773675
1.092380 1.344707
0.499710 1.726310
0.854579 0.458327
0.861049 1.368145
-1.907224 -1.170507
1.701651 0.140812
-0.275460 0.097354
1.121555 -0.615192
-1.338725 0.417310
0.785730 0.246162
-1.424909 -1.836177
-0.060243 1.628773
1.163915 0.134098
-0.074648 -1.351787
-0.082949 0.250313
-0.804163 1.584826
0.381176 -1.236549
-1.167821 -0.663900
-1.074557 1.956786
-1.441389 -0.629231
0.007508 -1.652577
-0.742271 0.181463
-0.060854 -0.608722
-0.013611 0.237495
1.151463 0.685263
1.491806 -0.561357
0.961150 -0.330027
0.226386 1.068087
-1.164403 1.834101
0.863735 -1.754875
-1.841304 -0.583819
-0.685385 0.878994
-1.503525 -1.391095
0.241890 -0.878872
-1.637074 -0.738487
1.076632 -0.680868
0.485061 -0.917081
-1.466537 0.469436
-0.430982 -1.654775
1.626698 -0.829554
0.565874 1.086642
-0.815027 -0.924162
-0.563555 0.814539
1.868282 0.847621
-1.582263 -1.291482
-1.318094 0.609088
-0.211615 -1.675893
-0.006165 0.898038
-1.866207 0.795007
-0.951140 -1.879757
-0.887661 0.536821
-0.014954 -1.497910
0.720786 1.450179
0.349193 -1.456160
1.059786 1.623280
0.112491 1.972900
0.599811 -1.464217
1.185888 1.196753
-1.053682 -1.238502
1.435896 -0.743736
-1.894162 0.171819
-0.799768 0.278756
0.251534 -1.361919
0.303903 0.431104
-0.011780 -0.764245
-0.426588 -0.627400
-0.881069 -0.053285
0.854335 0.208808
-0.089908 -0.137028
-0.474807 1.943846
0.856655 -0.110782
-0.485794 0.433790
-1.051485 -0.053407
0.814417 1.840449
-1.563951 0.675252
1.499496 0.583209
-1.904904 1.637806
-1.760979 1.793573
0.993377 0.022156
1.314920 0.267159
-1.244850 1.845210
0.136173 -0.082705
-1.671865 1.655263
-0.745201 1.728263
-0.751915 -1.264504
0.881802 0.208197
1.404767 1.807367
1.902219 0.342235
-0.692465 -1.766839
1.391217 -0.954314
-1.149022 -0.280465
-1.370708 -0.882534
0.580889 0.520463
1.618519 -0.307566
1.459212 0.140324
-1.902707 -0.804773
-0.870083 -1.462630
1.057100 -1.206763
-1.314798 -0.173650
0.756798 -1.650502
1.930418 0.481887
-0.760826 0.876186
-0.850429 -1.958373
-0.653279 1.487289
-0.628132 0.309641
0.236396 0.852016
-0.863491 -0.941496
-0.604205 -0.852016
1.758538 0.233955
1.159032 -1.485702
-0.905728 -1.343242
-0.278390 -1.995605
-0.192206 1.226539
0.656697 1.039644
0.135441 -1.375835
0.930509 -0.638264
1.152074 1.516221
-0.582110 1.486923
0.536454 1.256325
1.918211 1.657948
-1.162938 -0.910123
0.670370 1.298196
0.237861 -0.143620
0.369335 -1.035981
-0.176824 -1.807611
-1.319193 0.798547
1.344218 1.235572
1.257790 -0.516190
1.484237 -0.173528
-0.744835 1.695425
0.624226 0.212958
1.346293 0.053896
0.108585 0.252266
0.237983 1.579333
-1.989502 -1.884884
1.686758 0.643391
-0.601642 1.488143
0.013489 0.423414
1.100314 1.276955
0.120060 -1.145360
-1.029756 1.809931
-1.995605 -0.916105
1.654042 -0.459426
-0.223701 0.422559
-1.145726 -1.748528
-0.827113 1.799676
0.096744 0.756432
1.574572 1.715079
-0.004944 1.104465
-1.480087 -1.307596
-1.982666 1.282449
0.722739 0.232612
0.751183 0.418409
1.586047 0.266549
-1.330912 0.484451
-0.781701 1.108737
1.395123 0.500320
0.949919 -0.090396
-0.530961 -0.763878
-1.652577 -0.390454
0.730186 0.391552
0.498367 -1.581164
-0.814661 -0.365673
0.007019 -1.513291
1.084201 0.365429
1.002167 1.422224
-0.903409 0.214667
0.590655 -1.205298
-1.291848 0.866909
-0.110172 0.642903
0.234565 -1.984619
-0.707114 1.677969
-0.662313 -0.185369
0.234687 -0.013855
-1.958495 1.833979
1.457015 0.232612
-1.752678 -1.489975
1.774407 1.364483
1.749382 -0.899380
1.339701 0.813074
0.750694 0.137394
1.410138 -0.801599
-1.121433 -1.621448
-1.387921 1.531236
-1.299661 0.263497
1.707633 -1.083590
-0.261177 -0.136174
-1.140843 -1.243507
-1.011933 1.338237
-0.603717 -0.545366
1.929075 1.884884
-1.919797 1.617054
0.044740 -0.805750
1.870113 -0.243110
-1.163305 -0.596759
-0.811609 -1.502426
0.340037 1.547227
-0.313425 1.275246
0.138981 -1.486434
0.510941 -0.458205
-1.117161 -1.504868
-0.932341 -1.531114
0.301706 -1.057100
0.289132 -0.849574
-0.278634 1.019257
-0.920133 0.551225
1.178564 -1.517563
0.442580 -0.516678
0.730918 1.760613
-1.982421 1.831294
-1.251686 -0.045595
0.672445 -1.865963
-1.723014 0.316599
0.948088 -1.591418
1.982421 1.740837
-1.423933 1.601306
0.915494 0.464675
-1.506699 1.541856
1.778069 0.273751
-0.642048 1.396832
0.688437 -0.796594
0.564775 0.622150
-0.552934 0.743370
-0.238838 -1.583850
0.302072 1.539415
0.862636 1.673452
-0.784997 -0.402417
0.568194 1.437239
1.626698 -1.013276
1.376324 1.852779
0.721885 -0.957976
-0.899747 1.620594
-1.803705 0.067690
0.884243 -0.050356
-0.478713 1.540269
1.718131 -0.989959
-0.290353 0.811975
-0.546098 -1.113376
-0.418775 0.313547
0.320994 1.031953
0.528886 -0.742637
-1.058199 0.219062
1.783685 1.841060
0.847621 0.995331
0.180731 1.949706
-0.506180 -1.365093
0.424634 0.359691
-0.224311 0.592486
-0.144475 -1.558214
0.044374 0.455397
-0.285836 0.364208
0.622028 0.398022
-1.092135 -0.204779
-1.182592 -1.866207
-1.723624 -0.892911
-1.557848 -1.630482
-0.643269 1.078829
1.825800 0.757164
1.649647 1.098972
0.331126 0.347728
-1.615467 -0.130680
-0.628986 0.544511
-1.214087 0.607746
1.922849 -1.444319
0.838343 -1.248634
-1.455672 -0.651936
-1.448103 0.159612
-0.109928 -1.900510
-0.271309 -0.182684
-0.274117 -0.847133
-1.772332 1.038301
0.445143 -0.531693
0.730796 -0.832484
1.084445 0.576739
0.007996 1.785394
-0.161077 1.033418
-1.316507 1.409894
-0.921842 1.370342
-0.498734 0.700400
0.861782 1.549669
-1.910031 -1.839717
0.954558 -1.083224
-1.770135 -1.659536
1.342753 -1.345927
1.617298 -1.457625
1.249489 0.732749
0.130802 0.020814
-1.349956 -0.633015
-1.403546 -0.312326
0.054384 -1.685781
-1.808710 -1.408551
1.523057 1.235450
-1.314310 0.901456
0.265694 -0.448439
1.912961 1.613147
-1.443953 -0.167302
1.844966 -0.549272
-1.056612 -1.679067
0.800134 -1.399640
-1.981079 -0.365673
0.458449 -0.337596
-1.319437 -0.030946
-0.622517 -0.895108
0.899258 -1.196753
1.007904 1.216895
-1.016083 -0.900113
0.208808 -1.439192
1.348247 0.009949
0.263863 0.926969
0.774743 -1.924680
0.396558 0.785241
-0.818323 0.932585
1.786126 -0.761193
-1.112155 1.515244
0.082583 0.477737
0.378979 0.757408
0.423292 -1.268899
-1.427473 -1.202979
1.584094 -1.321512
-1.186865 -1.384625
-0.007874 -1.443831
0.711509 0.480789
-1.395489 0.397534
-0.117130 1.236061
-1.276467 -0.814173
1.633168 -0.894986
-1.087863 0.624104
-0.651814 -1.429914
-1.741569 -0.662923
-0.989593 0.825037
-1.857296 1.575671
-1.786004 -1.272195
-1.497910 0.418653
-0.319407 0.254463
0.596515 -0.522782
-0.725303 0.451735
0.273995 1.097262
0.519730 1.890255
-0.262886 -0.937834
-0.386914 -0.382397
1.807733 -0.202826
0.942717 -1.388287
-1.307230 0.071230
-0.898404 -0.266182
-0.749352 1.200781
-0.595904 -1.818720
-1.244362 -0.247139
0.901334 -1.558458
-0.835536 -1.251930
1.897092 1.744255
-0.118229 -0.636311
-0.037294 -1.985107
-0.974944 1.137059
-1.546251 -1.671743
1.191504 -1.331889
-0.475051 -0.139225
-0.277779 -1.176733
-0.354198 -0.655721
1.469100 -1.561998
-0.383373 -0.981292
-1.940550 -1.479720
1.083834 1.085910
-0.337229 -1.046602
1.555406 -1.338603
-0.744957 1.699454
-0.083071 -0.770714
-0.614826 -1.498032
0.447462 0.594073
1.440779 -0.910245
-0.665975 -0.666097
1.412824 -0.120670
1.688711 -0.245430
0.162542 1.178320
1.062838 -0.658284
0.185980 0.888638
1.463729 -1.285867
0.880581 0.709677
1.869869 0.077456
0.309641 0.841273
-0.753746 -1.823603
-0.531083 -0.813440
-1.939207 -0.251167
1.052217 -0.944060
-1.700797 -0.521928
-1.284036 1.369488
1.980957 0.446364
0.846400 1.359844
-1.825556 -0.911832
0.823939 1.776238
-1.486312 -1.356914
1.789300 -1.412946
-0.787072 -0.890957
-0.091006 -0.816980
1.582507 -0.304636
-1.858638 1.080416
-0.955413 1.775872
-1.498398 -0.876186
-1.351054 0.341990
0.827845 1.189917
1.088595 -0.043886
0.046449 0.390088
-0.785485 -0.795496
1.937742 -0.226386
-0.947233 -0.349437
1.401715 1.531236
-0.680868 -0.712363
-0.776208 0.697470
1.434797 -1.507431
1.340190 -0.645466
-1.957884 -1.521470
0.603473 1.335063
0.020570 0.248482
1.048433 -0.574908
-1.998291 0.047670
0.657674 -0.932341
0.627155 -1.434309
1.855342 -0.852504
1.131932 1.785028
0.393994 1.230812
-0.408765 -0.642781
0.799280 1.314310
-0.564776 -1.616321
-1.300516 1.153783
1.369488 0.638020
-0.930998 0.966277
1.141087 1.269021
-0.755577 -1.616565
1.804559 0.004456
-1.560778 -0.095035
0.487014 0.853481
1.760491 0.850551
1.653798 0.310617
-1.276467 1.814569
0.874355 0.057802
0.268258 1.617908
-0.912198 0.168401
-1.725700 -1.238014
-0.631428 0.810022
-1.808100 0.447706
-1.516343 1.697378
-0.800378 -1.453475
-0.213324 -1.030000
1.465438 -1.224097
0.282052 -1.047090
-1.739128 0.711386
0.783898 1.845088
-1.678823 0.038514
0.639485 -1.255593
1.610340 1.256203
-1.254128 0.601032
1.586779 -1.121311
1.064913 -0.330027
1.969604 -0.859584
-1.361309 -0.534989
0.003235 -1.802484
0.106143 1.210913
0.224433 0.831873
-1.282693 -1.202979
-1.273782 -0.346385
1.850337 -1.769402
1.925046 -1.194678
-0.974212 1.589953
-0.174871 -1.836299
0.423536 -0.523637
1.785150 -1.955931
1.897336 -0.030824
-1.216651 0.402417
0.491043 -1.922727
0.183050 -1.461043
0.453932 1.693350
0.998627 -0.698325
1.756951 -1.954100
-0.339305 1.788690
-0.893033 0.653646
-1.717643 0.551714
-0.535600 0.777306
1.424421 1.299539
-1.943236 -0.626057
1.360576 1.100436
0.896085 -0.450636
1.844234 1.085910
1.792840 -0.488601
0.372875 -0.346629
1.873165 -1.977050
0.954558 -1.830317
-0.406690 0.355541
1.373150 -0.825892
-0.743980 0.741661
-1.046236 1.081271
-1.974120 1.328837
-1.170873 1.384136
-0.555498 -0.368236
0.704428 0.357860
1.447127 0.486526
0.123112 1.262307
-1.122898 0.502640
0.232734 -0.954802
0.502640 1.016816
-1.949339 1.545763
0.531449 1.546129
1.229469 -0.803186
0.627033 1.740715
-0.677694 -0.770959
-1.575915 -0.162908
1.549181 0.373608
-1.455794 -0.388379
1.061983 0.064882
-1.888913 1.833369
1.710440 -1.855464
-1.233009 0.216498
-0.692221 1.063692
1.187353 1.875118
1.396222 -1.413434
-1.902951 0.274483
1.512192 0.993500
1.786493 0.685629
-0.047060 0.784142
-1.874508 -1.862301
-0.958586 -1.119602
-0.918546 -0.128727
0.891934 -0.670248
1.732536 0.291330
-0.324046 0.508255
1.784661 0.420728
0.387768 -1.176489
1.586779 -0.147038
0.110172 0.918546
0.646809 1.205786
-0.220405 0.373730
0.646565 -0.926603
-1.547472 -1.089206
0.958220 1.480819
-1.929563 0.095889
0.659261 -0.164129
-1.274270 -0.457717
-0.951872 -0.616779
0.427442 -0.386181
-1.339213 -1.843257
-0.633503 0.628132
-1.215064 -1.566759
-1.318339 0.559160
-0.523270 -1.314920
1.725456 -0.758995
0.075869 -1.966308
-0.171453 -0.929167
0.221381 1.202734
-1.432844 -1.788324
-0.632771 -0.029481
-1.472884 0.296091
-1.201880 -0.875820
-1.429304 0.628864
-1.855342 -1.087863
1.601184 0.889981
-1.600452 1.997192
-0.567217 0.910001
0.537553 -0.484939
0.007263 -1.998169
1.348857 0.445021
0.294870 1.898312
-0.011780 -0.658162
-1.108249 0.451369
1.551256 -0.189764
0.333934 -1.806146
-1.731559 -1.451155
1.112888 -1.708365
0.771447 -0.446120
-1.808710 0.996918
-0.141911 0.822108
0.019227 -1.398541
-1.241432 1.553697
0.048158 -1.110202
-0.099307 1.855587
0.748619 1.092380
-1.824335 -1.055269
0.124210 0.338206
0.703940 -0.148991
0.728111 0.608600
1.100314 -1.379620
1.178320 0.190130
0.239692 -1.981933
-1.826533 1.627430
1.523545 -0.268258
-0.991546 -1.823359
0.643879 -0.925748
0.589801 0.758873
1.850826 0.187445
-1.048311 1.412091
0.716392 -0.255318
1.271218 1.245582
1.401593 -0.845790
0.384106 -1.107395
0.421094 1.262429
-0.199408 -0.536698
0.909390 -0.443556
1.220923 -0.002014
1.386212 -0.131901
-1.449568 -0.579546
-0.978118 -1.423688
-1.583850 0.990692
-0.596393 1.310770
-0.818201 -0.741783
0.800745 -1.845942
0.463454 -0.484573
0.929899 -0.653523
-0.854823 1.750725
-1.778558 -0.512528
-0.105167 1.100681
-0.415113 -1.760247
0.179754 0.804651
-1.326029 1.532334
1.781976 1.656850
0.653035 -0.737144
0.814051 -0.040223
0.235054 1.977660
1.582873 -0.804651
0.865688 -1.111301
-1.696280 -0.632405
-1.096164 -1.760735
0.486526 0.825037
1.941038 -0.103336
1.830927 0.358715
-0.523148 0.501419
0.640706 -0.552446
-0.064272 -1.578478
-1.910642 1.462020
-1.818354 -0.794519
-1.014252 1.366314
1.534654 1.534654
-0.960540 -0.077700
-1.714835 -0.323191
-1.373516 -1.607776
0.711386 -1.560656
-1.406842 0.622761
1.331645 -1.655629
-0.771203 -1.027436
-0.575030 0.181829
1.950316 0.633747
0.033753 -0.450392
-0.861171 0.103336
0.850917 -1.740471
-0.259346 0.683309
-0.670370 1.342631
-0.717612 0.433912
-0.050722 -0.748375
0.387158 -1.372784
-0.019715 -1.434553
-0.210517 -1.300638
1.750603 1.191504
1.851802 -0.295480
-0.589435 0.068667
-1.420881 0.267525
0.199286 -0.629109
0.135563 -0.962981
0.209540 -0.789880
-0.140568 -0.361156
-1.346293 0.839320
1.779046 0.128971
-1.369976 0.355785
-1.372295 -1.053194
-1.613269 -1.096042
0.360912 1.368023
1.089450 1.379132
1.170263 -1.542344
-0.915128 -0.370067
0.999847 -1.476058
0.668661 0.161809
1.562120 -0.929533
-0.651082 0.340037
0.853114 -0.749962
1.613147 1.092990
-1.832148 0.817225
1.193457 0.115055
1.617054 1.581896
-0.167913 1.569933
-1.859004 1.362407
-1.452620 -1.706656
-1.973022 0.438063
-0.601032 -1.502792
1.923948 -1.496689
1.753777 0.971526
-1.642201 -1.880001
1.051119 -1.212134
-0.251900 0.670736
-1.930784 -0.496658
0.922941 -1.188086
-1.310038 1.862422
0.134465 1.427473
0.165105 1.000946
-1.425031 -0.919156
-0.118717 -1.851070
-1.607654 1.969481
-1.373638 -1.165990
-0.794275 -1.623402
-1.645497 -0.416089
1.120945 1.625599
-1.547960 -0.869839
-1.754021 1.531846
-1.496689 -1.888913
-1.292459 0.357128
-0.444411 -0.725181
-0.834437 1.261940
-0.114444 0.182317
1.829463 1.258766
1.264138 -1.588977
1.973388 0.665242
1.722892 1.257302
1.952391 1.057466
-1.181005 -0.060121
-0.282662 -0.277291
-0.598712 0.303171
-0.168645 0.613239
-0.124454 -1.979858
-1.015351 1.798456
-1.989502 -0.581133
1.003387 0.068545
0.401318 0.138859
1.323099 -1.900021
0.185858 1.259377
-0.867641 0.373730
-1.697867 0.058657
1.391095 0.915128
1.320658 -0.975066
1.382305 -0.984710
1.984619 -1.680898
1.125828 -1.744621
-1.280740 -0.444655
0.894131 1.958861
-1.601794 1.504990
-0.772424 1.144871
1.607776 0.298532
-0.549638 -1.018036
-1.586657 -1.869869
-1.314188 -0.259590
-1.374615 0.460036
-0.627644 -1.754387
0.564409 1.717277
-0.721030 1.831782
-1.673574 -0.496658
0.020692 0.793664
-0.450392 1.295755
-1.925535 -0.658773
1.678823 -0.350047
-1.268532 -0.096377
1.928953 -1.175756
-1.436018 0.378979
1.133274 -0.669881
-1.363628 1.086276
-0.012024 -0.031068
0.278390 0.927091
-1.986328 0.320139
1.455061 -0.602985
0.186224 -1.903806
0.032044 -1.210791
1.452986 -0.403516
-0.458083 -1.102878
1.747673 -1.340312
1.449080 0.218085
-0.493240 0.117252
-0.084292 -0.344432
-0.315134 -0.253853
-0.932463 -1.276345
0.269967 0.722617
0.759239 0.249092
1.299783 -1.425275
-1.160009 1.574694
0.376537 -1.364116
-0.080752 0.262276
-1.316752 1.997803
-1.367534 0.296579
1.499374 -0.036805
-0.593341 -1.212500
1.215674 1.000092
0.725669 1.173559
-1.149510 -1.806635
1.896359 0.925016
0.065615 1.199561
0.313791 -0.252998
1.681143 0.698324
-0.772790 0.282907
0.691489 1.346904
-1.994629 -0.683432
1.781365 -0.767663
0.902555 1.476913
-0.659505 -0.174749
0.323191 1.439436
1.980346 0.432813
-1.410871 -1.369365
-0.451247 1.151219
0.203803 0.430616
0.646321 0.319773
-1.381573 1.875851
0.641682 -1.526475
1.497910 1.863033
0.186834 -1.203589
-1.514390 -0.148503
-1.766472 0.074282
-0.529862 1.067232
-0.451735 -1.851680
-0.650105 -1.795160
0.727988 -0.132023
-1.284036 1.544176
-1.465316 -1.909177
1.817377 -0.097842
-1.421247 1.903317
-0.785485 -0.464797
-1.972533 -1.327860
0.983245 0.857265
-0.184881 1.485458
0.607624 0.555864
0.979827 -0.380810
-0.003723 0.546098
-1.070650 -0.259590
0.997772 1.423078
0.206976 -0.389477
-0.583819 0.414869
-0.243355 -1.712149
1.526841 1.836543
-1.311258 -1.167943
-0.908292 0.042176
0.546098 -0.494461
-1.124607 -1.121067
-1.931150 1.478011
-1.339457 -0.360424
-1.539171 1.028657
1.763665 1.515854
-0.845057 -1.750114
-1.950194 -1.448592
-1.921628 -1.749626
-0.549883 1.095431
-1.581164 0.857631
1.975463 1.754997
-0.110050 -1.178320
-1.767083 1.848872
0.496536 0.518387
0.442091 -1.639882
0.800867 1.151707
1.949339 -0.610187
-1.312357 -1.542589
1.244240 0.109684
-1.369488 0.906583
0.475173 -0.784753
-0.543413 0.407910
-1.535386 -0.120670
0.612628 1.511093
-1.774529 -0.795373
-1.068941 -0.889615
0.975921 -1.822626
-0.105289 0.647420
-1.345073 0.120182
-0.596759 0.813929
0.938932 1.645253
0.038392 0.755455
0.756554 0.107120
1.829463 -0.225410
-1.695791 1.556749
-0.480667 -0.466628
-0.437452 1.193335
1.311136 0.318796
0.227363 0.436598
-1.355571 -0.210273
0.688681 1.532945
-1.012055 1.971190
-0.033631 -0.821253
-1.387066 1.189672
0.854457 -0.617512
1.652577 -1.313700
0.954070 -1.768914
1.617298 -1.930296
-0.560625 1.593493
1.411115 1.269509
-1.677480 1.322977
-0.153874 0.989105
-1.780023 -0.038759
0.659383 1.658925
0.617878 -0.059023
0.027283 0.889737
0.637166 1.289285
0.582110 -0.574664
-1.700064 -0.169866
-0.072695 -0.403638
0.295114 1.888546
1.653066 0.272652
0.243232 -0.507157
0.852016 0.316843
1.462752 -1.921873
0.134953 -1.462630
-1.764519 0.689535
0.146306 -1.858516
-0.427320 0.684896
0.579791 -0.311228
-0.520585 -1.061617
-0.305979 -1.456404
1.721793 1.543321
-0.908902 -1.984619
-1.581774 -0.120670
-0.829188 -0.004212
-1.989135 -0.806726
0.601154 0.454421
0.780969 -0.112491
-0.155095 1.392804
-1.953734 -1.350810
0.453688 -1.953001
1.283303 -1.810297
0.832850 -0.408154
-0.857387 0.197455
0.507523 -1.657338
0.965301 -1.209327
0.887784 -0.540727
-1.202734 -1.528672
0.535111 -0.851283
-0.093692 0.577593
0.926847 -0.631428
1.796503 -1.762810
-1.276955 -0.969939
1.724601 -0.179266
0.531205 1.701285
0.715293 0.894131
0.172185 -0.190374
-1.922727 0.672811
-1.554064 -0.653645
0.418409 -1.026093
1.397198 1.068209
1.080660 -1.798822
-1.440901 -1.358745
-1.173070 -1.355937
0.211615 -1.769768
-0.991546 -0.329173
-1.920164 -1.806513
1.304422 -0.866176
-1.997192 1.155614
-0.533158 -0.832362
-0.287545 -1.438826
-1.413678 -1.608631
-0.651082 -0.870205
-1.142674 0.612384
-1.522813 1.807367
1.843989 0.028749
-0.397900 1.220191
-0.754479 -1.066744
0.184027 1.627796
0.162297 1.915769
1.154515 -0.623615
0.860927 -1.433454
1.931761 1.851436
1.040498 -1.320292
1.936522 -1.068941
-1.402692 -0.043886
0.607868 -1.060518
-1.108493 0.206366
-0.081851 1.099826
-1.487777 -1.946165
1.389508 0.486770
-0.456862 -1.861446
1.608509 1.480697
-1.672231 0.819422
-1.757561 -0.279855
0.736290 0.377514
-1.444807 0.554888
-0.070376 -0.280099
-1.578112 1.999756
0.626423 1.582018
-0.154485 -1.813715
1.867794 0.230781
-1.028169 -0.681845
-1.716910 1.668569
0.605548 0.121769
-0.143864 0.335032
-0.774621 0.801233
-1.810175 0.311594
-1.499619 0.490555
-0.727256 1.023530
1.304788 -0.792810
-1.255837 -0.556474
-1.765740 0.305124
-0.340037 0.794885
-1.378887 1.427595
0.757897 1.754509
0.050478 1.960570
-0.776452 -1.844478
0.374950 -1.014008
-0.043641 1.191992
0.231391 -0.265206
-0.665853 -1.880123
0.055483 -1.460311
-0.520341 1.462020
-0.401685 -1.711295
1.025849 -1.290017
-0.058779 0.378246
-1.618519 -1.472030
0.011780 -0.834193
1.497055 1.455672
-0.400342 0.924039
0.129826 -0.888760
0.871426 -0.707480
-1.389874 1.894772
0.387280 -0.767663
1.106540 -0.809168
-0.384228 1.478133
-0.608356 0.072573
1.949950 -0.508621
-0.892300 -1.496323
0.222480 0.914396
0.532182 -0.957366
-1.277932 1.522202
1.843379 -0.955290
1.708243 -0.323679
0.886318 -0.633869
0.427564 -0.721885
-0.562334 -0.433546
-1.371197 1.221534
1.972655 1.612049
0.579302 -0.653890
0.929044 -1.920896
1.579333 0.890591
0.473953 0.857021
0.978973 -0.554643
-1.230689 -1.649037
1.693350 0.406446
0.737144 1.185766
0.217597 -1.071993
1.325175 0.408032
-0.856166 -1.624500
-0.727012 -1.809564
-1.824702 1.279153
1.376934 -0.965911
-0.356883 0.786584
1.256447 1.471786
0.521073 0.616413
0.618976 -1.729118
-1.057955 -0.488723
1.026459 1.137303
-0.787072 0.190619
-1.840205 1.917722
-0.669149 -1.195898
-1.414045 -1.696890
0.998383 -1.115085
-0.977752 0.031922
-1.861202 1.802606
0.102481 -0.407178
-0.086734 1.715934
-1.357402 -0.571612
0.234321 1.026704
-1.593249 -0.362133
1.783196 -1.667714
-0.628132 -1.819819
-1.475570 0.879360
1.494247 -0.422437
0.722373 1.516221
-1.025361 0.117985
-1.544298 0.146428
1.024262 1.559069
-0.365673 1.682119
-0.870205 1.330302
-1.486312 -1.503525
0.820032 -0.762902
-1.288430 1.377544
1.930418 0.663289
-1.277078 -1.019135
1.369121 0.274483
-0.064272 1.782952
-1.617054 -1.778802
1.146825 -1.466170
0.322947 0.841884
-0.422681 1.211158
0.909024 1.865963
-1.611804 -1.527696
0.997040 0.117374
0.696127 1.608387
-0.156682 1.717399
-1.911374 -1.003754
0.871059 -1.212622
1.640858 -0.946867
-0.064882 0.652791
-0.570757 1.688345
0.088565 1.545763
0.549150 -1.742912
0.847743 0.807825
1.629505 0.013733
1.957640 -0.405835
-0.151799 -0.935392
1.658193 -1.924436
0.448439 1.821162
1.449690 1.142430
-1.246193 -1.047212
1.358013 0.607135
0.684164 -0.158879
1.700797 1.907834
1.770989 -0.468337
-0.647542 -0.688925
0.673543 -1.812006
-1.489364 -0.384472
-0.806238 1.044160
-0.038881 -1.645863
0.792688 -1.141697
0.843593 0.498611
-0.394726 0.865688
0.917569 1.661000
-0.043153 0.231514
-0.672567 1.798090
-1.622181 0.004700
1.869137 -0.586383
0.120182 -0.430006
-1.245582 -1.737785
-1.827509 1.602405
0.877651 -1.447859
-1.223975 -0.481033
-1.419416 0.648030
1.439924 1.433088
-1.081271 1.274514
1.456770 -1.393658
1.426374 -1.780755
-1.081027 -1.596789
0.382275 -0.463820
-1.766350 1.742912
1.575915 1.248390
-1.861568 1.052828
1.572130 1.551012
0.217353 -1.277932
1.477523 -0.484939
-0.084048 -1.945799
-0.794153 -1.709952
0.057314 -1.279641
0.243721 0.807214
-1.142308 0.712729
-1.084201 1.982543
0.442091 0.797082
-1.848994 1.420270
-0.140446 1.466537
-0.252144 0.615314
-1.400738 0.394116
1.140110 0.657430
-1.393902 0.386425
-1.337870 0.433302
-1.204199 -0.163640
1.315287 -0.669881
-1.928831 -0.323801
-0.967376 0.438917
0.837489 -1.168676
1.445418 -1.742912
1.017670 -1.827631
-0.852260 -1.107517
0.568926 0.969573
-0.536821 0.765465
-1.502792 1.844600
0.709677 -0.187567
-1.625965 0.224433
0.965423 -0.810633
-1.649037 -1.705557
1.334697 -0.525468
-0.323923 -0.548173
-0.287057 1.371563
1.708976 -0.742515
-0.946867 0.912687
-0.563189 0.890713
-1.869259 1.162084
-0.509964 -0.898770
0.809656 0.418531
-1.342631 0.662801
-0.192206 0.919034
0.902432 1.326396
-1.037324 -1.958495
0.878262 -0.727378
1.997192 -1.991821
1.943480 1.066256
-0.215155 0.088809
0.678182 0.107608
0.115909 -0.696615
1.899289 -0.412915
-0.037294 1.625599
0.175725 -0.062319
0.245308 -0.314157
-0.154973 -1.212012
-0.903043 0.974700
1.528306 -0.584063
-0.369579 0.545122
-0.854579 -0.299020
0.202582 -1.783441
-0.567949 1.578112
-0.819300 0.278024
-0.046205 0.990448
-1.791986 1.690298
1.622669 -1.657338
-0.030580 0.789636
-0.287545 1.454085
0.456618 -1.508530
1.374615 1.011322
-0.265816 1.992798
1.653310 -1.478011
-0.795007 0.974822
-1.998657 -1.232154
1.376324 0.307688
-0.703452 -1.242531
0.124454 1.252052
1.355937 1.179662
1.461409 -0.837123
0.952239 0.356395
-1.200293 1.692740
0.329661 0.696371
-1.281106 -0.505570
-1.780999 -0.352489
1.230323 1.424665
-0.646443 -0.849452
-1.457259 -1.753533
-1.515366 1.592273
-1.102634 -1.742180
1.490707 -1.129246
1.426130 -1.714957
0.423658 -1.938597
-0.029969 -1.883541
-0.215644 1.826777
-0.490799 -0.546831
1.755120 -0.489578
0.619587 -0.292550
1.809687 -0.918058
-1.510971 -1.043672
0.978973 -1.661000
0.433058 -0.605304
0.616535 0.611530
1.909787 1.287820
-0.335521 -1.036226
1.036470 -0.575152
-1.581042 0.898526
-0.395703 0.072695
0.795496 1.559313
-1.405133 -1.572497
-0.904996 1.433821
0.195013 0.569659
1.269387 0.557451
0.312815 1.915159
0.686850 1.216041
-0.406934 -1.830195
0.397900 -0.851283
0.933317 0.782678
-0.099429 -0.748375
1.498886 0.897549
0.406568 -0.219306
-0.761193 1.808100
0.606525 1.055025
1.901730 -0.090640
-1.064669 -1.340800
-1.449324 -1.848018
-1.661245 1.148045
1.580065 -0.004944
1.538072 0.247871
-0.770470 -0.141545
0.795984 1.560900
-1.398663 -1.922971
-1.817621 -0.232246
-0.825282 0.353465
0.340281 -1.669057
-0.249458 1.698111
-1.675039 -1.053804
-1.501572 0.004212
-1.611682 -0.415845
-1.461531 -1.724235
-0.842128 -0.671102
-1.539171 -1.866451
0.234443 0.018372
0.756310 -0.004334
-0.809900 0.076357
1.582141 1.780511
-1.415998 1.466903
-0.972015 -1.889889
-0.522416 1.146214
-0.118961 0.013733
1.450301 -0.983612
0.891934 -0.870205
1.115085 -1.621326
0.540239 0.410230
1.134739 -1.113742
1.300272 -0.677328
1.736564 1.997437
-1.593493 -0.445631
-1.271584 0.928678
-0.880581 -0.785119
0.014832 -0.891934
0.490799 1.538926
0.611652 1.128513
1.629872 -1.909909
0.162175 0.199896
-1.531968 0.463820
-1.046968 -1.896481
1.025727 0.490066
0.429518 1.644520
1.177099 -1.062960
0.211005 -0.395337
-1.084079 -1.285867
1.607166 0.196356
-0.878872 -1.425398
1.632801 1.014985
-1.177221 -0.680380
-0.475906 -0.507279
0.967254 -1.499741
-0.245674 -0.149113
-1.953368 1.845332
-1.098850 -1.738639
-0.652547 0.192816
-0.911466 0.282540
0.854457 -1.751091
-0.312326 1.528428
1.080782 -0.635823
0.089908 1.964843
-0.449904 -1.641713
-0.482742 0.566485
0.061831 -0.276070
1.538194 1.769158
0.456862 0.328562
1.082492 -1.576891
0.883389 0.618610
1.957885 -0.753258
-1.437849 0.322214
0.864834 0.778893
1.052583 -1.347758
1.912717 -0.167913
-1.982543 -0.990326
1.634999 -1.553575
-0.509842 -1.813227
0.505203 1.342143
0.638630 0.069643
0.952605 1.872189
1.031587 1.842036
-0.122745 0.476516
-1.595202 0.687948
-0.333567 -0.365551
0.925748 0.995453
