-0.053880 0.209507
0.003488 -0.152614
0.003360 0.276397
-0.077520 0.224650
-0.011270 0.209012
-0.262334 -0.097937
-0.065325 -0.257537
-0.086749 -0.222105
0.074535 -0.251787
-0.169387 0.190298
0.238768 0.166530
0.157833 -0.166439
-0.094623 -0.235948
0.108045 0.005850
0.165889 0.112183
-0.066350 0.169570
-0.183230 -0.057598
-0.132691 -0.223734
0.130879 -0.074847
-0.239171 -0.079846
0.017551 -0.227598
-0.138020 0.193393
-0.088910 -0.214432
-0.110883 0.067907
-0.047893 0.271526
0.196139 -0.123096
0.061077 -0.241862
-0.150893 0.253215
0.160176 -0.123902
-0.266015 0.094916
-0.028098 0.082501
0.089880 -0.216739
-0.040825 -0.295715
-0.062413 -0.072082
-0.196359 -0.041173
0.031907 0.191580
0.211539 0.007389
-0.156606 0.178652
0.200607 -0.120862
0.027989 -0.125019
0.212455 -0.012461
-0.268413 -0.103888
-0.099640 -0.175027
0.144795 -0.007315
-0.138112 -0.188943
-0.137507 0.233769
-0.108502 0.057689
-0.121101 -0.057946
0.014054 -0.212015
0.044816 0.264367
-0.038664 0.280206
-0.035716 0.280059
0.058806 -0.046117
0.280755 0.013321
-0.012937 -0.142982
0.256877 -0.021781
0.234941 -0.174770
0.198886 0.065453
0.139705 -0.114216
-0.131080 -0.228202
-0.143312 0.069994
-0.019309 0.233641
0.127766 -0.006162
-0.202676 0.220969
0.168178 -0.140803
-0.185720 0.212290
-0.114728 0.195224
-0.010776 0.203720
-0.033409 -0.228550
0.038572 0.005521
-0.140327 -0.047343
0.046080 -0.267571
0.273962 0.037126
-0.121009 -0.229777
-0.287164 -0.064519
-0.281890 -0.087664
0.121870 -0.238621
0.204618 -0.008835
-0.022257 0.194272
-0.128901 -0.004019
0.251695 0.003745
0.059392 0.249223
-0.119562 -0.198099
0.115589 0.216300
-0.138734 -0.032127
0.174807 -0.079974
0.047728 -0.109693
0.238365 0.008249
0.231919 0.134523
0.285260 0.019272
0.073052 0.000577
0.082318 0.151332
0.080175 -0.150343
0.126301 0.038023
-0.113007 0.060381
-0.138954 0.151424
-0.261327 0.094897
-0.106891 -0.064464
-0.115790 0.148695
0.108631 -0.185830
-1.094873 0.618015
-0.609445 0.875781
-0.557314 0.964937
-0.985629 1.003665
-1.081341 1.029301
-0.652715 1.076690
-0.526478 0.646800
-0.908631 0.860417
-0.745259 0.555318
-0.673022 0.846428
-0.893085 0.699902
-0.662218 0.752437
-0.894897 0.807590
-0.836576 0.639055
-0.724677 1.001065
-0.626255 0.762343
-0.654143 0.519501
-0.941829 0.780380
-0.726728 0.715870
-0.675787 1.033165
-1.013334 0.798819
-0.501483 0.514026
-0.905866 0.888543
-0.675494 0.851921
-0.805008 0.854851
-0.849632 0.722608
-0.858238 0.506629
-0.599246 0.808304
-0.704700 1.000955
-0.873601 0.723743
-0.882739 1.041075
-0.874718 0.828135
-0.856737 0.931776
-0.771187 0.541163
-0.919269 0.860857
-0.552773 0.682122
-0.524958 1.075628
-0.632517 0.850859
-0.912128 0.522944
-0.502124 0.569271
-0.968618 1.021867
-1.047264 0.602103
-0.798123 0.937159
-0.828813 0.575680
-0.742988 1.023148
-0.936445 0.713617
-0.720008 1.005881
-0.920679 0.807938
-0.825315 0.572878
-1.009671 0.644585
-0.864702 0.739070
-0.917035 1.001871
-0.965523 0.657494
-0.847032 1.040800
-0.926539 0.843974
-1.003079 0.805997
-1.061931 0.683807
-1.006211 1.055760
-0.995590 0.590036
-0.929450 0.740297
-0.962172 0.881347
-0.554457 0.546712
-0.870946 0.548763
-0.956789 0.829637
-1.088885 0.579745
-0.825700 0.545851
-0.798984 0.608457
-0.625248 0.512433
-0.890484 0.761025
-1.002457 0.806272
-0.636656 1.064238
-0.749049 1.024320
-0.517011 0.686975
-0.522980 1.023167
-1.039757 0.782632
-0.835972 0.656560
-0.920862 0.601498
-0.513221 0.929872
-0.676208 0.841740
-0.931886 0.889843
-0.582583 0.907953
-0.643925 1.068981
-0.864373 1.045781
-0.690344 0.602689
-0.861644 0.821470
-1.012546 0.638450
-0.836283 0.715101
-1.067077 0.555245
-0.772213 0.696313
-0.650389 0.812662
-1.025987 0.751027
-0.839451 0.747694
-0.983999 0.828263
-1.054625 0.938551
-0.582711 0.975576
-0.551125 0.853935
-0.847911 0.931886
-0.945271 0.806656
-0.509320 0.546437
-0.681536 0.730189
-1.003995 -0.609629
-0.941920 -0.833244
-0.708014 -0.753298
-0.549074 -0.665020
-1.069109 -0.692999
-0.565114 -0.681060
-0.865087 -0.582876
-0.802078 -0.799240
-0.750697 -1.035380
-1.032871 -0.506299
-1.097473 -0.826615
-0.616477 -0.807389
-0.643339 -0.572530
-0.573666 -0.624076
-0.658336 -0.656945
-0.669048 -0.972646
-1.032487 -0.592727
-0.556343 -0.553706
-0.792154 -0.697632
-0.542720 -0.884332
-0.851408 -0.665569
-0.828282 -1.003958
-0.504065 -0.715101
-0.777560 -1.085589
-1.063341 -1.095935
-0.678607 -0.983065
-0.954628 -0.834910
-0.946443 -1.046074
-1.068450 -0.502856
-0.626640 -0.833976
-1.079107 -0.883142
-0.955855 -0.659581
-0.735810 -0.523548
-0.835002 -0.994510
-0.632188 -0.852763
-0.771682 -1.066747
-0.860601 -0.842180
-0.948036 -0.682470
-1.057500 -0.695086
-0.970046 -0.602579
-0.845970 -0.743776
-0.755000 -0.705817
-0.581960 -0.636161
-0.512909 -0.869280
-0.810099 -0.593204
-1.078411 -0.797867
-0.935585 -0.818155
-0.749123 -0.733778
-0.918354 -0.839085
-0.687249 -1.077349
-1.095788 -0.865819
-0.639952 -1.050432
-0.940126 -0.942616
-0.635337 -1.033659
-0.856993 -0.577786
-0.610013 -0.908704
-0.631034 -0.631510
-1.024558 -0.836979
-1.025254 -0.543104
-0.623014 -1.005789
-0.939888 -1.078997
-0.993081 -0.773421
-0.837602 -0.882574
-0.882519 -0.944264
-0.640666 -0.607504
-0.728797 -0.605197
-1.006778 -0.515143
-0.957723 -0.654747
-0.989621 -0.517872
-0.707465 -0.655809
-0.990555 -0.549367
-0.934285 -0.543617
-1.007309 -0.642991
-0.556050 -1.020109
-0.686462 -0.999747
-0.990078 -0.965596
-0.785580 -0.826817
-0.541017 -0.699554
-0.551234 -1.028202
-0.595895 -1.021372
-0.819620 -0.528309
-0.881549 -0.862322
-0.745296 -0.910407
-0.941444 -0.880358
-0.965011 -0.750276
-0.687890 -0.828465
-0.502326 -0.927271
-0.985849 -1.028312
-0.819712 -1.093298
-0.724604 -0.580056
-0.723890 -0.781314
-0.933644 -0.839946
-0.931190 -0.934651
-0.998868 -0.796420
-0.798782 -0.738044
-0.535450 -0.676647
-0.628288 -0.532191
-0.973708 -1.014176
-1.047740 -0.892425
-0.613822 -0.909107
0.687707 -0.741432
0.664983 -0.975704
0.823008 -0.671667
0.691754 -0.764760
1.091943 -0.970504
1.097638 -0.551308
0.719678 -0.701807
0.598148 -0.867888
0.573482 -1.057372
0.970394 -1.095898
0.553963 -0.755403
0.976070 -0.659563
1.098297 -0.775509
0.630961 -0.659600
0.639348 -0.561086
0.614774 -0.527247
0.964626 -0.520637
0.514722 -0.780618
0.918152 -0.759157
1.097144 -1.063964
0.589889 -0.670806
0.500220 -0.951534
0.635777 -0.724183
0.942451 -1.097198
0.872393 -0.871514
0.839561 -0.810758
0.790030 -0.512690
0.924525 -1.042888
0.727900 -1.045982
1.063946 -1.058983
0.955177 -0.935878
0.764596 -0.784243
1.001523 -0.530232
1.064129 -0.700433
0.681243 -0.557131
0.999307 -1.075774
0.954299 -0.733265
0.745882 -0.809476
0.668279 -1.014817
1.023661 -0.671978
0.525013 -0.522193
0.660460 -1.021903
0.715485 -0.869866
0.508991 -0.581484
0.566890 -0.532429
0.610068 -0.751338
1.045524 -0.778439
0.596023 -1.045854
1.059313 -0.802847
1.028330 -0.930696
1.003647 -0.789645
0.662658 -0.843406
0.894440 -0.735865
0.535725 -0.878527
0.531916 -0.568062
0.867119 -0.718287
1.039116 -0.782705
1.070189 -1.090497
0.818595 -0.741560
0.865783 -0.734272
0.871459 -1.053508
0.792355 -0.555702
0.522102 -0.573794
0.706275 -0.553688
0.892590 -1.052409
0.566250 -0.598184
0.770437 -0.962026
0.895373 -0.841356
1.013407 -0.537831
0.614646 -0.843278
0.935292 -0.759597
1.041917 -0.993411
1.016208 -0.907605
0.549513 -0.508936
0.781314 -0.823759
0.674889 -0.991324
0.791531 -0.508991
0.977554 -0.822312
0.590310 -0.788217
1.036351 -0.780709
0.949812 -0.674065
0.680621 -0.761007
1.060503 -0.560830
0.649309 -0.775307
0.808029 -0.879663
0.771242 -0.519593
0.580642 -0.546272
0.860894 -1.085846
0.951570 -1.032652
0.823026 -0.700946
0.679376 -0.593643
0.960103 -0.673937
0.770840 -0.680071
0.776150 -0.832640
1.049351 -0.669195
0.870910 -0.631016
0.573043 -0.544258
0.817863 -0.808451
0.946443 -0.853917
0.620176 -0.782247
0.745259 0.823356
0.504376 0.929908
0.943019 0.707062
0.541255 0.780233
0.743336 0.911377
0.694629 0.677563
0.603018 0.770583
1.020310 0.580111
0.767214 0.839763
0.712738 0.653685
0.740132 0.657695
0.562185 0.875066
0.964718 0.682946
0.730317 0.880267
0.505054 0.621622
0.987808 0.826634
1.025272 1.065703
0.657952 0.737129
0.658519 0.660753
0.609793 0.896051
0.660314 0.521607
0.944557 0.764394
0.639109 0.914838
0.919324 0.784133
1.058837 0.726746
0.751448 0.939723
0.806272 0.935878
1.047740 1.045982
0.717756 1.008225
0.701697 0.830680
0.858330 0.834471
1.003317 0.580953
0.647514 0.727754
0.604245 1.022105
1.025401 0.700671
1.083007 0.797482
0.952449 0.540358
0.553194 1.018461
0.637370 0.700305
1.059111 0.852873
0.786239 0.727863
0.601975 0.821122
0.666906 0.645866
0.941023 0.768184
1.082476 0.807480
0.812626 0.780782
0.647368 0.842711
0.911927 1.018076
1.060045 1.015513
1.079931 0.924781
0.765804 0.610160
1.040526 0.995608
0.503662 0.865801
0.730665 0.959389
0.730940 1.077569
0.767763 0.552132
0.619297 0.783438
0.897900 0.947267
0.816105 0.855364
0.568593 1.012162
1.064641 0.813321
0.670092 0.859667
0.877209 0.781277
0.988595 0.863109
0.954573 0.603714
0.815390 0.803909
0.945747 0.941316
0.855730 0.520215
0.841685 0.664873
0.680804 0.725648
0.996744 0.765877
0.667125 0.566414
0.871661 0.702649
0.866479 0.786239
1.091723 1.000882
0.950728 0.667089
0.513843 1.027067
0.874828 0.615085
0.696625 0.953841
1.002017 0.959975
1.066619 1.035893
0.734840 1.036991
0.774923 0.614975
0.995773 0.519959
0.737916 0.773275
0.601242 1.074419
0.855437 1.053288
0.872741 0.699023
0.900702 0.763350
0.728761 1.024961
0.675329 0.687597
0.801401 0.740956
0.723395 0.718744
0.621293 0.813651
0.998172 0.632792
0.814658 0.671300
0.575405 0.724256
0.956166 0.820243
0.606809 0.520746
0.821543 0.662145
-0.445174 0.431562
-0.879086 0.426130
0.967772 0.383770
-0.691214 0.886654
-0.296365 -0.657033
-0.625599 -0.266823
0.373577 0.613819
-0.521348 0.253700
-0.478500 -0.720206
-0.527635 -0.630665
0.244850 -0.406842
-0.887753 0.236732
-0.916013 -0.445723
-0.172155 0.196997
0.994690 -0.753471
0.351726 -0.864376
-0.786004 0.486740
-0.474837 0.314921
-0.165624 0.354411
0.592517 0.741020
-0.104099 0.163305
0.296121 -0.870907
0.812250 0.435652
-0.915403 0.528977
-0.060640 -0.556200
-0.253090 -0.327494
0.102878 -0.119541
0.784539 0.107028
-0.106357 -0.780206
-0.165380 -0.824274
0.546251 0.333354
-0.543565 -0.091159
0.211524 -0.078219
0.593554 -0.112949
-0.563585 -0.674368
0.024079 0.140049
0.663381 -0.722404
-0.887936 0.142979
-0.438826 -0.841487
0.172094 -0.026948
-0.998657 0.320048
-0.240883 -0.311502
-0.509384 0.035737
-0.802362 0.992920
0.873409 -0.355571
-0.339335 -0.752739
-0.883724 -0.553575
0.112217 0.892148
0.987121 -0.083102
-0.573840 0.342143
0.440535 -0.202063
0.992737 -0.583789
-0.475997 0.631886
-0.874447 -0.634877
-0.384869 0.298685
-0.416669 0.559130
-0.196326 -0.880245
-0.484603 -0.101779
0.230811 -0.909238
-0.852840 -0.991821
-0.802423 -0.194678
0.515488 -0.716788
-0.144139 -0.366802
-0.432417 0.839839
-0.706717 -0.285195
0.935728 -0.557665
-0.174413 -0.665761
-0.300027 0.464644
-0.691580 0.234230
-0.547716 -0.051546
0.281167 0.434553
0.973144 -0.177282
0.755058 -0.882931
0.834468 -0.654836
0.458663 -0.860286
0.240822 -0.170934
-0.646962 0.741935
-0.578906 0.717704
0.228248 -0.996521
-0.116367 0.068880
0.195044 0.620594
-0.152806 -0.487533
0.883236 0.560106
-0.839839 0.742729
0.159764 0.155614
-0.979614 -0.391888
-0.821162 -0.792657
0.808771 0.862056
-0.423505 -0.351726
-0.652272 -0.364727
0.621998 -0.660573
0.899167 0.694388
-0.860958 -0.443648
-0.788080 -0.452864
0.009369 0.729728
-0.066134 0.458663
0.069735 0.001984
0.698294 -0.560289
-0.782708 -0.836604
-0.800165 -0.729484
