0.617145 -0.379711
1.402203 1.571520
1.659780 0.748741
1.490219 -0.521561
-1.504135 0.519974
-0.875088 1.732536
0.410352 -1.370830
-0.696005 1.636830
1.293680 1.631214
-0.823450 -0.321116
-0.996918 1.750969
-1.630482 -1.260475
-0.315745 1.088961
-1.571642 -0.621174
1.692007 0.840419
-0.906339 1.732170
1.571276 -1.388165
-1.624134 -1.308329
-1.301370 -0.393628
0.631672 -0.403027
0.887661 -0.273873
1.005829 1.703970
-1.440901 -0.504349
1.675527 0.768883
0.966033 -0.283273
-1.684805 0.854701
0.711020 1.656240
-1.524644 1.418439
0.613483 -1.584582
-1.600940 1.305765
-1.711661 -1.033051
-1.052461 1.721183
-1.614612 1.317240
-0.422681 1.381573
-1.171117 0.338572
1.462142 -0.498123
-0.944670 1.742058
0.970672 -1.704703
-0.355174 0.717002
-1.705313 -0.947966
1.299539 1.631947
-1.670278 0.756920
0.328440 -1.170995
1.161229 1.669912
0.329173 -1.166845
0.822230 1.710807
-1.316874 1.621571
1.548814 0.553789
